0 11
0 11
0 11
0 11
0 11
0 11
7 11
7 11
7 11
7 11
7 11
7 11
7 11
7 11
7 11
0 11
0 11
0 11
0 11
0 11
0 11
2 11
2 11
2 11
2 11
2 11
2 11
2 11
2 11
2 11
0 11
0 11
0 11
0 11
0 11
8 11
8 11
8 11
8 11
8 11
8 11
8 11
8 11
8 11
0 11
0 11
0 11
0 11
0 11
6 11
6 11
6 11
6 11
6 11
6 11
6 11
6 11
6 11
0 11
0 11
0 11
0 11
0 11
1 11
1 11
1 11
1 11
1 11
1 11
1 11
1 11
1 11
0 11
0 11
0 11
0 11
0 11
0 11
3 11
3 11
3 11
3 11
3 11
3 11
3 11
3 11
3 11
0 11
0 11
0 11
0 11
0 11
4 11
4 11
4 11
4 11
4 11
4 11
4 11
4 11
4 11
0 11
0 11
0 11
0 11
0 11
5 11
5 11
5 11
5 11
5 11
5 11
5 11
5 11
5 11
0 11
0 11
0 11
0 11
0 11
0 11
